c1108 2374184 SLURM_STEP_IDnodef 0 0 1 12 SLURM_MEM_PER_CPUnodef 61440 NUM_THREADS: ## 1
/scratch/2374184/uviqooig.5D5mGMUnUT
OMP_STACKSIZE=128m
GAUSS_PDEF=12
GAUSS_MDEF=56320MB
GAUSS_RDEF=SCF=Direct
 Entering Gaussian System, Link 0=g09.exe
 Initial command:
 /opt/cesga/easybuild-cesga/software/Core/g09/e1/l1.exe "/scratch/2374184/uviqooig.5D5mGMUnUT/Gau-29365.inp" -scrdir="/scratch/2374184/uviqooig.5D5mGMUnUT/"
 Default is to use a total of  12 processors:
                               12 via shared-memory
                                1 via Linda
 Entering Link 1 = /opt/cesga/easybuild-cesga/software/Core/g09/e1/l1.exe PID=     29392.
  
 Copyright (c) 1988,1990,1992,1993,1995,1998,2003,2009,2015,
            Gaussian, Inc.  All Rights Reserved.
  
 This is part of the Gaussian(R) 09 program.  It is based on
 the Gaussian(R) 03 system (copyright 2003, Gaussian, Inc.),
 the Gaussian(R) 98 system (copyright 1998, Gaussian, Inc.),
 the Gaussian(R) 94 system (copyright 1995, Gaussian, Inc.),
 the Gaussian 92(TM) system (copyright 1992, Gaussian, Inc.),
 the Gaussian 90(TM) system (copyright 1990, Gaussian, Inc.),
 the Gaussian 88(TM) system (copyright 1988, Gaussian, Inc.),
 the Gaussian 86(TM) system (copyright 1986, Carnegie Mellon
 University), and the Gaussian 82(TM) system (copyright 1983,
 Carnegie Mellon University). Gaussian is a federally registered
 trademark of Gaussian, Inc.
  
 This software contains proprietary and confidential information,
 including trade secrets, belonging to Gaussian, Inc.
  
 This software is provided under written license and may be
 used, copied, transmitted, or stored only in accord with that
 written license.
  
 The following legend is applicable only to US Government
 contracts under FAR:
  
                    RESTRICTED RIGHTS LEGEND
  
 Use, reproduction and disclosure by the US Government is
 subject to restrictions as set forth in subparagraphs (a)
 and (c) of the Commercial Computer Software - Restricted
 Rights clause in FAR 52.227-19.
  
 Gaussian, Inc.
 340 Quinnipiac St., Bldg. 40, Wallingford CT 06492
  
  
 ---------------------------------------------------------------
 Warning -- This program may not be used in any manner that
 competes with the business of Gaussian, Inc. or will provide
 assistance to any competitor of Gaussian, Inc.  The licensee
 of this program is prohibited from giving any competitor of
 Gaussian, Inc. access to this program.  By using this program,
 the user acknowledges that Gaussian, Inc. is engaged in the
 business of creating and licensing software in the field of
 computational chemistry and represents and warrants to the
 licensee that it is not a competitor of Gaussian, Inc. and that
 it will not use this program in any manner prohibited above.
 ---------------------------------------------------------------
  

 Cite this work as:
 Gaussian 09, Revision E.01,
 M. J. Frisch, G. W. Trucks, H. B. Schlegel, G. E. Scuseria, 
 M. A. Robb, J. R. Cheeseman, G. Scalmani, V. Barone, B. Mennucci, 
 G. A. Petersson, H. Nakatsuji, M. Caricato, X. Li, H. P. Hratchian, 
 A. F. Izmaylov, J. Bloino, G. Zheng, J. L. Sonnenberg, M. Hada, 
 M. Ehara, K. Toyota, R. Fukuda, J. Hasegawa, M. Ishida, T. Nakajima, 
 Y. Honda, O. Kitao, H. Nakai, T. Vreven, J. A. Montgomery, Jr., 
 J. E. Peralta, F. Ogliaro, M. Bearpark, J. J. Heyd, E. Brothers, 
 K. N. Kudin, V. N. Staroverov, T. Keith, R. Kobayashi, J. Normand, 
 K. Raghavachari, A. Rendell, J. C. Burant, S. S. Iyengar, J. Tomasi, 
 M. Cossi, N. Rega, J. M. Millam, M. Klene, J. E. Knox, J. B. Cross, 
 V. Bakken, C. Adamo, J. Jaramillo, R. Gomperts, R. E. Stratmann, 
 O. Yazyev, A. J. Austin, R. Cammi, C. Pomelli, J. W. Ochterski, 
 R. L. Martin, K. Morokuma, V. G. Zakrzewski, G. A. Voth, 
 P. Salvador, J. J. Dannenberg, S. Dapprich, A. D. Daniels, 
 O. Farkas, J. B. Foresman, J. V. Ortiz, J. Cioslowski, 
 and D. J. Fox, Gaussian, Inc., Wallingford CT, 2013.
 
 ******************************************
 Gaussian 09:  ES64L-G09RevE.01 30-Nov-2015
                 7-Mar-2019 
 ******************************************
 Default route: SCF=Direct
 -------------------------------------------
 # freq=roa cphf=rdfreq m062x/def2svp nosymm
 -------------------------------------------
 1/10=4,30=1,38=1,83=21/1,3;
 2/12=2,15=1,17=6,18=5,40=1/2;
 3/5=43,7=101,11=2,16=1,25=1,30=1,36=2,71=2,74=-55,140=1/1,2,3;
 4//1;
 5/5=2,38=5,98=1/2;
 8/6=4,10=90,11=11/1;
 10/13=10,15=4,31=1,49=111,72=3/2;
 11/6=3,8=1,9=11,15=111,16=1,31=1/1,2,10;
 10/6=1,31=1,49=111/2;
 6/7=2,8=2,9=2,10=2,18=1,28=1/1;
 7/8=1,10=1,25=1,30=1/1,2,3,16;
 1/10=4,30=1/3;
 99//99;
 ----------------------------
 uv-01-As10-stx.xyz roa 444nm
 ----------------------------
 Symbolic Z-matrix:
 Charge =  2 Multiplicity = 1
 C                     1.34221   1.4334   -0.90822 
 As                   -0.26236  -0.26227   2.41453 
 C                     1.35702   0.82938   0.39798 
 As                    2.59701  -1.52762   3.49691 
 C                     2.25994   0.04737   1.19188 
 As                    5.44962   0.02908   3.67987 
 C                     3.67212   0.12322   1.49541 
 As                    6.75777   2.73834   2.18447 
 As                   -1.16751   2.07569   0.19931 
 C                     1.97612   1.09007  -2.14262 
 As                   -0.40307   2.39208  -2.90711 
 C                     4.6836    1.10119   1.20472 
 As                    7.39898   3.24725  -0.89305 
 C                     5.15134   1.83716   0.06071 
 C                     3.1811    0.41718  -2.56761 
 As                    1.52259   0.44279  -4.83357 
 As                    4.60825  -0.61773  -4.75929 
 As                    7.07027   1.05709  -3.4053 
 C                     5.25145   1.47009  -1.31624 
 C                     4.56547   0.58111  -2.22074 
 C                     3.9791   -3.77722  -1.50852 
 N                     2.6889   -3.33277  -2.02451 
 C                     3.9758   -4.16027   0.00099 
 N                     4.9547   -2.69612  -1.54441 
 C                     4.31597  -4.92203  -2.51001 
 C                     1.79855  -2.72358  -1.23213 
 C                     2.49565  -3.67388  -3.45302 
 C                     2.56132  -4.1428    0.59264 
 N                     4.80313  -3.1166    0.59519 
 H                     4.44204  -5.14697   0.13727 
 C                     5.35259  -2.32819  -0.32654 
 H                     5.27273  -2.23053  -2.39246 
 C                     3.8281   -4.31911  -3.83191 
 O                     5.66536  -5.17344  -2.39536 
 O                     3.51938  -6.02009  -2.27469 
 N                     1.83796  -2.99182   0.07409 
 N                     0.87893  -1.909    -1.73869 
 H                     2.27733  -2.77828  -4.04878 
 H                     1.66429  -4.38754  -3.53581 
 C                     1.77316  -5.45075   0.4 
 H                     2.64289  -3.99703   1.68147 
 H                     4.87795  -2.93726   1.59219 
 N                     6.20245  -1.34764  -0.07714 
 H                     4.55457  -3.5737   -4.19035 
 H                     3.71145  -5.09616  -4.59664 
 H                     5.89469  -5.93812  -2.94245 
 H                     3.77226  -6.50508  -1.45727 
 H                     1.41039  -2.33915   0.73766 
 H                     1.06027  -1.4529   -2.63075 
 H                     0.18999  -1.4789   -1.12818 
 O                     2.1485   -6.40158   1.37813 
 H                     1.89388  -5.85383  -0.61576 
 H                     0.7124   -5.23815   0.58191 
 H                     6.36586  -1.04788   0.88037 
 H                     6.43479  -0.68816  -0.81593 
 C                     3.07753  -7.33326   1.06797 
 O                     3.77224  -7.27326   0.06879 
 N                     3.14952  -8.28479   1.99932 
 H                     3.8097   -9.04095   1.86741 
 H                     2.49698  -8.30867   2.77242 
 C                     0.04012   0.91171   1.0249 
 C                     0.10775   2.18963  -1.1356 
 C                     1.10216   1.35074  -3.2776 
 C                     1.54139  -0.74305   2.18293 
 C                     4.0176   -0.65521   2.67167 
 C                     5.5698    1.29973   2.34311 
 C                     6.17173   2.81769   0.42951 
 C                     6.48472   1.9726   -1.91242 
 C                     5.45377   0.10181  -3.26516 
 C                     3.02257  -0.17263  -3.88368 
 
 Using perturbation frequencies:    0.102620

 GradGradGradGradGradGradGradGradGradGradGradGradGradGradGradGradGradGrad
 Berny optimization.
 Initialization pass.
 Trust Radius=3.00D-01 FncErr=1.00D-07 GrdErr=1.00D-07
 Number of steps in this run=      2 maximum allowed number of steps=      2.
 GradGradGradGradGradGradGradGradGradGradGradGradGradGradGradGradGradGrad

 Symmetry turned off by external request.
 Stoichiometry    C30H19As10N7O4(2+)
 Framework group  C1[X(C30H19As10N7O4)]
 Deg. of freedom   204
 Full point group                 C1      NOp   1
                          Input orientation:                          
 ---------------------------------------------------------------------
 Center     Atomic      Atomic             Coordinates (Angstroms)
 Number     Number       Type             X           Y           Z
 ---------------------------------------------------------------------
      1          6           0        1.342211    1.433399   -0.908219
      2         33           0       -0.262364   -0.262270    2.414532
      3          6           0        1.357020    0.829378    0.397975
      4         33           0        2.597006   -1.527616    3.496910
      5          6           0        2.259941    0.047371    1.191883
      6         33           0        5.449617    0.029077    3.679871
      7          6           0        3.672121    0.123218    1.495412
      8         33           0        6.757767    2.738343    2.184472
      9         33           0       -1.167509    2.075688    0.199310
     10          6           0        1.976121    1.090069   -2.142623
     11         33           0       -0.403065    2.392079   -2.907106
     12          6           0        4.683596    1.101186    1.204722
     13         33           0        7.398980    3.247252   -0.893051
     14          6           0        5.151339    1.837163    0.060707
     15          6           0        3.181101    0.417177   -2.567612
     16         33           0        1.522592    0.442788   -4.833565
     17         33           0        4.608250   -0.617729   -4.759285
     18         33           0        7.070270    1.057094   -3.405296
     19          6           0        5.251454    1.470085   -1.316242
     20          6           0        4.565470    0.581108   -2.220745
     21          6           0        3.979101   -3.777224   -1.508523
     22          7           0        2.688896   -3.332769   -2.024511
     23          6           0        3.975803   -4.160269    0.000987
     24          7           0        4.954702   -2.696124   -1.544414
     25          6           0        4.315968   -4.922029   -2.510005
     26          6           0        1.798546   -2.723576   -1.232131
     27          6           0        2.495647   -3.673883   -3.453018
     28          6           0        2.561322   -4.142796    0.592640
     29          7           0        4.803130   -3.116596    0.595190
     30          1           0        4.442042   -5.146967    0.137272
     31          6           0        5.352589   -2.328188   -0.326536
     32          1           0        5.272728   -2.230528   -2.392458
     33          6           0        3.828098   -4.319109   -3.831907
     34          8           0        5.665357   -5.173439   -2.395360
     35          8           0        3.519375   -6.020089   -2.274693
     36          7           0        1.837960   -2.991815    0.074091
     37          7           0        0.878929   -1.909003   -1.738685
     38          1           0        2.277330   -2.778283   -4.048777
     39          1           0        1.664294   -4.387538   -3.535805
     40          6           0        1.773163   -5.450746    0.400003
     41          1           0        2.642892   -3.997025    1.681469
     42          1           0        4.877950   -2.937261    1.592187
     43          7           0        6.202447   -1.347636   -0.077138
     44          1           0        4.554566   -3.573695   -4.190349
     45          1           0        3.711447   -5.096156   -4.596640
     46          1           0        5.894688   -5.938117   -2.942445
     47          1           0        3.772259   -6.505080   -1.457267
     48          1           0        1.410386   -2.339149    0.737659
     49          1           0        1.060272   -1.452895   -2.630750
     50          1           0        0.189985   -1.478899   -1.128175
     51          8           0        2.148500   -6.401579    1.378134
     52          1           0        1.893883   -5.853827   -0.615762
     53          1           0        0.712395   -5.238155    0.581905
     54          1           0        6.365856   -1.047878    0.880365
     55          1           0        6.434794   -0.688161   -0.815926
     56          6           0        3.077527   -7.333262    1.067969
     57          8           0        3.772243   -7.273261    0.068786
     58          7           0        3.149520   -8.284788    1.999320
     59          1           0        3.809699   -9.040950    1.867405
     60          1           0        2.496980   -8.308673    2.772422
     61          6           0        0.040124    0.911707    1.024905
     62          6           0        0.107746    2.189630   -1.135596
     63          6           0        1.102162    1.350735   -3.277598
     64          6           0        1.541387   -0.743053    2.182931
     65          6           0        4.017601   -0.655205    2.671671
     66          6           0        5.569796    1.299728    2.343112
     67          6           0        6.171730    2.817687    0.429514
     68          6           0        6.484715    1.972603   -1.912422
     69          6           0        5.453770    0.101810   -3.265155
     70          6           0        3.022571   -0.172626   -3.883675
 ---------------------------------------------------------------------
 Rotational constants (GHZ):      0.0286803      0.0269168      0.0259425
 Standard basis: def2SVP (5D, 7F)
   989 basis functions,  1958 primitive gaussians,  1060 cartesian basis functions
   304 alpha electrons      304 beta electrons
       nuclear repulsion energy     18169.1520522577 Hartrees.
 NAtoms=   70 NActive=   70 NUniq=   70 SFac= 1.00D+00 NAtFMM=   60 NAOKFM=T Big=T
 Integral buffers will be    131072 words long.
 Raffenetti 2 integral format.
 Two-electron integral symmetry is turned off.
 One-electron integrals computed using PRISM.
   1 Symmetry operations used in ECPInt.
 ECPInt:  NShTT=   89676 NPrTT=  394818 LenC2=   70778 LenP2D=  180933.
 LDataN:  DoStor=T MaxTD1= 4 Len=   56
 NBasis=   989 RedAO= T EigKep=  2.51D-04  NBF=   989
 NBsUse=   989 1.00D-06 EigRej= -1.00D+00 NBFU=   989
 ExpMin= 9.14D-02 ExpMax= 1.00D+05 ExpMxC= 1.50D+04 IAcc=2 IRadAn=         4 AccDes= 0.00D+00
 Harris functional with IExCor= 1009 and IRadAn=       4 diagonalized for initial guess.
 HarFok:  IExCor= 1009 AccDes= 0.00D+00 IRadAn=         4 IDoV= 1 UseB2=F ITyADJ=14
 ICtDFT=  3500011 ScaDFX=  1.000000  1.000000  1.000000  1.000000
 FoFCou: FMM=F IPFlag=           0 FMFlag=      100000 FMFlg1=        2001
         NFxFlg=           0 DoJE=T BraDBF=F KetDBF=T FulRan=T
         wScrn=  0.000000 ICntrl=     500 IOpCl=  0 I1Cent=   200000004 NGrid=           0
         NMat0=    1 NMatS0=      1 NMatT0=    0 NMatD0=    1 NMtDS0=    0 NMtDT0=    0
 Symmetry not used in FoFCou.
 Requested convergence on RMS density matrix=1.00D-08 within 128 cycles.
 Requested convergence on MAX density matrix=1.00D-06.
 Requested convergence on             energy=1.00D-06.
 No special actions if energy rises.
 Integral accuracy reduced to 1.0D-05 until final iterations.
 Initial convergence to 1.0D-05 achieved.  Increase integral accuracy.
 SCF Done:  E(RM062X) =  -24192.3293393     A.U. after   21 cycles
            NFock= 21  Conv=0.87D-08     -V/T= 2.0015
 DoSCS=F DFT=T ScalE2(SS,OS)=  1.000000  1.000000
 Range of M.O.s used for correlation:     1   989
 NBasis=   989 NAE=   304 NBE=   304 NFC=     0 NFV=     0
 NROrb=    989 NOA=   304 NOB=   304 NVA=   685 NVB=   685

 **** Warning!!: The smallest alpha delta epsilon is  0.98991275D-01

          Differentiating once with respect to electric field.
                with respect to dipole field.
                with respect to quadrupole field.
          Differentiating once with respect to magnetic field using GIAOs.
          Electric field/nuclear overlap derivatives assumed to be zero.
 FoFCou: FMM=F IPFlag=           0 FMFlag=      100000 FMFlg1=        2001
         NFxFlg=           0 DoJE=F BraDBF=F KetDBF=T FulRan=T
         wScrn=  0.000000 ICntrl=    6100 IOpCl=  0 I1Cent=           7 NGrid=          70
         NMat0=    1 NMatS0=      1 NMatT0=    0 NMatD0=    1 NMtDS0=    0 NMtDT0=    0
 Symmetry not used in FoFCou.
   1 Symmetry operations used in ECPInt.
 ECPInt:  NShTT=   89676 NPrTT=  394818 LenC2=   89677 LenP2D=  394818.
 LDataN:  DoStor=T MaxTD1= 5 Len=  102
 FoFJK:  IHMeth= 1 ICntrl=    6127 DoSepK=F KAlg= 0 I1Cent=   0 FoldK=F
 IRaf=         1 NMat=   1 IRICut=       1 DoRegI=T DoRafI=F ISym2E= 0.
 CalDSu exits because no D1Ps are significant.
          There are    12 degrees of freedom in the 1st order CPHF.  IDoFFX=0 NUNeed=    12.
     11 vectors produced by pass  0 Test12= 3.47D-12 8.33D-09 XBig12= 1.00D+00 8.64D-01.
 AX will form    11 AO Fock derivatives at one time.
     11 vectors produced by pass  1 Test12= 3.47D-12 8.33D-09 XBig12= 1.00D+00 3.39D-01.
     11 vectors produced by pass  2 Test12= 3.47D-12 8.33D-09 XBig12= 1.00D+00 4.06D-01.
     11 vectors produced by pass  3 Test12= 3.47D-12 8.33D-09 XBig12= 8.55D-01 4.21D-01.
     11 vectors produced by pass  4 Test12= 3.47D-12 8.33D-09 XBig12= 3.53D-01 1.36D-01.
     11 vectors produced by pass  5 Test12= 3.47D-12 8.33D-09 XBig12= 1.58D-01 8.76D-02.
     11 vectors produced by pass  6 Test12= 3.47D-12 8.33D-09 XBig12= 4.45D-02 4.41D-02.
     11 vectors produced by pass  7 Test12= 3.47D-12 8.33D-09 XBig12= 1.30D-02 2.15D-02.
     11 vectors produced by pass  8 Test12= 3.47D-12 8.33D-09 XBig12= 3.52D-03 9.62D-03.
     11 vectors produced by pass  9 Test12= 3.47D-12 8.33D-09 XBig12= 9.82D-04 6.22D-03.
     11 vectors produced by pass 10 Test12= 3.47D-12 8.33D-09 XBig12= 2.26D-04 3.18D-03.
     11 vectors produced by pass 11 Test12= 3.47D-12 8.33D-09 XBig12= 4.88D-05 1.31D-03.
     11 vectors produced by pass 12 Test12= 3.47D-12 8.33D-09 XBig12= 1.22D-05 6.22D-04.
     11 vectors produced by pass 13 Test12= 3.47D-12 8.33D-09 XBig12= 2.20D-06 2.28D-04.
     11 vectors produced by pass 14 Test12= 3.47D-12 8.33D-09 XBig12= 2.74D-07 9.02D-05.
     11 vectors produced by pass 15 Test12= 3.47D-12 8.33D-09 XBig12= 4.29D-08 4.20D-05.
     11 vectors produced by pass 16 Test12= 3.47D-12 8.33D-09 XBig12= 6.73D-09 1.41D-05.
     11 vectors produced by pass 17 Test12= 3.47D-12 8.33D-09 XBig12= 7.80D-10 4.01D-06.
     11 vectors produced by pass 18 Test12= 3.47D-12 8.33D-09 XBig12= 8.78D-11 1.46D-06.
     11 vectors produced by pass 19 Test12= 3.47D-12 8.33D-09 XBig12= 8.76D-12 4.37D-07.
     11 vectors produced by pass 20 Test12= 3.47D-12 8.33D-09 XBig12= 6.74D-13 1.23D-07.
      7 vectors produced by pass 21 Test12= 3.47D-12 8.33D-09 XBig12= 5.36D-14 3.42D-08.
      1 vectors produced by pass 22 Test12= 3.47D-12 8.33D-09 XBig12= 4.59D-14 1.35D-08.
 InvSVY:  IOpt=1 It=  1 EMax= 7.16D-12
 Solved reduced A of dimension   239 with    12 vectors.
 Isotropic polarizability for W=    0.102620      236.75 Bohr**3.
 Dipole-magnetic dipole polarizability for W=    0.102620:
                 1             2             3 
      1  -0.139832D+03 -0.134939D+03 -0.178844D+04
      2  -0.218589D+04 -0.623107D+03  0.213103D+04
      3   0.163745D+04 -0.137700D+04  0.236872D+03
 DQ contribution to OR G for W=    0.102620:
                 1             2             3 
      1   0.159407D+04 -0.268746D+04  0.251782D+04
      2  -0.495716D+03 -0.538356D+03  0.183935D+04
      3  -0.879988D+04 -0.486862D+03 -0.105572D+04
 Optical Rotation G' tensor for W=    0.102620:
                 1             2             3 
      1   0.205401D+03  0.182310D+03 -0.747510D+03
      2   0.182310D+03 -0.860693D+02 -0.194470D+02
      3  -0.747510D+03 -0.194470D+02 -0.645399D+03
 OR G Eigenvalues: -1085.7727  -117.2448   676.9499  Iso=   175.3558
 Eigenvectors:
   (1)   0.507588  -0.075870   0.858253
   (2)  -0.147979   0.973637   0.173588
   (3)   0.848797   0.215114  -0.482980
 w=    0.102620 a.u., Optical Rotation Beta=    175.3558 au.
 Molar Mass =   1290.7406 grams/mole, [Alpha] ( 4440.0 A) =     9250.45 deg.
 End of Minotr F.D. properties on file   721 Mask=       B NFrqRd=     1 NDeriv=     1 ND12= 1 LenFil=      39:
 Frequencies=    0.102620
 Property number 1 -- Alpha(-w,w) frequency  1    0.102620:
                 1             2             3 
      1  -0.750592D+03 -0.230304D+03 -0.383172D+03
      2  -0.230304D+03  0.527920D+03 -0.149813D+03
      3  -0.383172D+03 -0.149813D+03  0.932912D+03
 Property number 2 -- FD Optical Rotation Tensor frequency  1    0.102620:
                 1             2             3 
      1  -0.139832D+03 -0.134939D+03 -0.178844D+04
      2  -0.218589D+04 -0.623107D+03  0.213103D+04
      3   0.163745D+04 -0.137700D+04  0.236872D+03
 Property number 4 -- D-Q polarizability frequency  1    0.102620:
                 1             2             3 
      1  -0.581941D+04 -0.474505D+03 -0.260896D+04
      2   0.163660D+04 -0.684261D+03  0.206926D+04
      3   0.418281D+04  0.115877D+04  0.539701D+03
      4  -0.927439D+04  0.212346D+04 -0.212840D+04
      5  -0.211325D+04 -0.534327D+03  0.602216D+04
      6  -0.159004D+04 -0.618197D+03 -0.135906D+04
 End of Minotr F.D. properties file   722 does not exist.
 End of Minotr F.D. properties file   788 does not exist.
   1 Symmetry operations used in ECPInt.
 ECPInt:  NShTT=   89676 NPrTT=  394818 LenC2=   70778 LenP2D=  180933.
 LDataN:  DoStor=T MaxTD1= 5 Len=  102
 Number of processors reduced to   7 by ecpmxn.
 Symmetrizing basis deriv contribution to polar:
 IMax=3 JMax=2 DiffMx= 0.00D+00
 G2DrvN: will do    71 centers at a time, making    1 passes.
 PxScal for G2LodP:  IOpCl= 0 ISclPx=1 IMOff=     1 NMtTot=    25 NTT=  489555 ScalPx= 2.09D+02
 Calling FoFCou, ICntrl=  3107 FMM=T I1Cent=   0 AccDes= 0.00D+00.
 End of G2Drv F.D. properties on file   721 Mask=       B NFrqRd=     1 NDeriv=     1 ND12= 1 LenFil=      39:
 Frequencies=    0.102620
 Property number 1 -- Alpha(-w,w) frequency  1    0.102620:
                 1             2             3 
      1  -0.750592D+03 -0.230304D+03 -0.383172D+03
      2  -0.230304D+03  0.527920D+03 -0.149813D+03
      3  -0.383172D+03 -0.149813D+03  0.932912D+03
 Property number 2 -- FD Optical Rotation Tensor frequency  1    0.102620:
                 1             2             3 
      1  -0.139832D+03 -0.134939D+03 -0.178844D+04
      2  -0.218589D+04 -0.623107D+03  0.213103D+04
      3   0.163745D+04 -0.137700D+04  0.236872D+03
 Property number 4 -- D-Q polarizability frequency  1    0.102620:
                 1             2             3 
      1  -0.581941D+04 -0.474505D+03 -0.260896D+04
      2   0.163660D+04 -0.684261D+03  0.206926D+04
      3   0.418281D+04  0.115877D+04  0.539701D+03
      4  -0.927439D+04  0.212346D+04 -0.212840D+04
      5  -0.211325D+04 -0.534327D+03  0.602216D+04
      6  -0.159004D+04 -0.618197D+03 -0.135906D+04
 End of G2Drv F.D. properties on file   722 Mask=       B NFrqRd=     1 NDeriv=   210 ND12= 1 LenFil=    7563:
 Frequencies=    0.102620
 Property number 1 -- Alpha(-w,w) derivatives, frequency  1    0.102620:
                 1             2             3             4             5 
      1  -0.389001D+03  0.162096D+03 -0.125321D+03  0.185855D+04 -0.165858D+02
      2   0.162096D+03  0.374506D+02  0.365643D+02 -0.165858D+02 -0.230336D+02
      3  -0.125321D+03  0.365643D+02 -0.302800D+03 -0.148596D+03 -0.112592D+03
                 6             7             8             9            10 
      1  -0.148596D+03 -0.144316D+03 -0.739488D+02  0.641697D+03 -0.469307D+03
      2  -0.112592D+03 -0.739488D+02 -0.133143D+02  0.686274D+02 -0.452867D+02
      3   0.774315D+03  0.641697D+03  0.686274D+02  0.265445D+03 -0.423929D+03
                11            12            13            14            15 
      1  -0.452867D+02 -0.423929D+03 -0.146054D+04 -0.172532D+03  0.517882D+02
      2  -0.874228D+01  0.127205D+02 -0.172532D+03 -0.232826D+02 -0.453072D+02
      3   0.127205D+02 -0.382946D+03  0.517882D+02 -0.453072D+02  0.561979D+03
                16            17            18            19            20 
      1  -0.924864D+01 -0.141751D+03  0.142621D+03  0.912970D+02  0.834809D+02
      2  -0.141751D+03 -0.551073D+02  0.110253D+03  0.834809D+02  0.925643D+01
      3   0.142621D+03  0.110253D+03 -0.876185D+03  0.399419D+03  0.150170D+03
                21            22            23            24            25 
      1   0.399419D+03  0.216951D+03  0.428344D+02 -0.147948D+03  0.983724D+03
      2   0.150170D+03  0.428344D+02  0.128608D+02 -0.102647D+03  0.113283D+03
      3  -0.103097D+04 -0.147948D+03 -0.102647D+03  0.729938D+03 -0.979594D+02
                26            27            28            29            30 
      1   0.113283D+03 -0.979594D+02  0.462811D+03  0.212759D+03 -0.910185D+03
      2   0.131446D+02 -0.190559D+02  0.212759D+03  0.432448D+02 -0.831702D+02
      3  -0.190559D+02  0.224552D+03 -0.910185D+03 -0.831702D+02 -0.311241D+03
                31            32            33            34            35 
      1  -0.159851D+04 -0.236018D+03  0.282527D+00  0.415125D+03  0.883851D+02
      2  -0.236018D+03 -0.516234D+02  0.128714D+03  0.883851D+02  0.416152D+02
      3   0.282527D+00  0.128714D+03 -0.713243D+03 -0.209508D+03 -0.729432D+02
                36            37            38            39            40 
      1  -0.209508D+03 -0.113164D+04 -0.793285D+02 -0.776442D+02 -0.373422D+03
      2  -0.729432D+02 -0.793285D+02  0.793973D+01 -0.182752D+02 -0.182791D+03
      3   0.233814D+03 -0.776442D+02 -0.182752D+02  0.399647D+03  0.367323D+03
                41            42            43            44            45 
      1  -0.182791D+03  0.367323D+03  0.289906D+02 -0.918002D+02  0.139072D+01
      2  -0.556961D+02  0.178496D+03 -0.918002D+02 -0.154326D+02 -0.106361D+03
      3   0.178496D+03 -0.762732D+03  0.139072D+01 -0.106361D+03  0.844113D+03
                46            47            48            49            50 
      1   0.121787D+04  0.223845D+03 -0.240424D+03 -0.120086D+04 -0.172155D+03
      2   0.223845D+03  0.432647D+02 -0.125568D+03 -0.172155D+03 -0.216548D+02
      3  -0.240424D+03 -0.125568D+03  0.697488D+03 -0.521211D+03 -0.150162D+03
                51            52            53            54            55 
      1  -0.521211D+03  0.282164D+03  0.157946D+03  0.711737D+02  0.101089D+04
      2  -0.150162D+03  0.157946D+03  0.347170D+02  0.904832D+02  0.842933D+02
      3   0.674390D+03  0.711737D+02  0.904832D+02 -0.669431D+03  0.353539D+03
                56            57            58            59            60 
      1   0.842933D+02  0.353539D+03  0.158388D+03  0.138622D+03  0.368686D+03
      2  -0.120902D+02  0.815377D+02  0.138622D+03  0.213569D+02  0.198899D+03
      3   0.815377D+02 -0.461598D+03  0.368686D+03  0.198899D+03 -0.105096D+04
                61            62            63            64            65 
      1   0.738478D+03  0.182641D+03 -0.237623D+03 -0.496374D+03 -0.134924D+03
      2   0.182641D+03  0.396606D+02 -0.763983D+02 -0.134924D+03 -0.702294D+01
      3  -0.237623D+03 -0.763983D+02  0.423254D+03 -0.193193D+03 -0.198334D+02
                66            67            68            69            70 
      1  -0.193193D+03 -0.184802D+04 -0.254868D+03  0.457407D+02  0.939846D+03
      2  -0.198334D+02 -0.254868D+03 -0.433577D+02 -0.141749D+02  0.310621D+03
      3  -0.100181D+03  0.457407D+02 -0.141749D+02  0.243904D+03 -0.509243D+03
                71            72            73            74            75 
      1   0.310621D+03 -0.509243D+03  0.665034D+03  0.900129D+02 -0.313149D+03
      2   0.629175D+02 -0.144869D+02  0.900129D+02 -0.145396D+02 -0.620224D+02
      3  -0.144869D+02 -0.510575D+03 -0.313149D+03 -0.620224D+02  0.133366D+03
                76            77            78            79            80 
      1  -0.131055D+04 -0.170245D+03 -0.339693D+03  0.771919D+03 -0.102405D+03
      2  -0.170245D+03 -0.413638D+02 -0.588124D+02 -0.102405D+03 -0.546490D+02
      3  -0.339693D+03 -0.588124D+02  0.146338D+03  0.765230D+03  0.103719D+03
                81            82            83            84            85 
      1   0.765230D+03  0.313843D+03  0.807838D+02  0.306500D+03 -0.163735D+03
      2   0.103719D+03  0.807838D+02  0.844326D+01  0.864277D+02  0.133846D+02
      3  -0.392196D+03  0.306500D+03  0.864277D+02 -0.831599D+03 -0.269191D+03
                86            87            88            89            90 
      1   0.133846D+02 -0.269191D+03 -0.761717D+03 -0.176602D+02 -0.512427D+02
      2   0.967258D+00 -0.604932D+02 -0.176602D+02 -0.599043D+01  0.783610D+02
      3  -0.604932D+02  0.696766D+03 -0.512427D+02  0.783610D+02 -0.703367D+03
                91            92            93            94            95 
      1   0.103118D+04  0.253941D+02  0.198491D+01 -0.127383D+04 -0.202717D+03
      2   0.253941D+02 -0.411404D+02 -0.183230D+01 -0.202717D+03 -0.524848D+02
      3   0.198491D+01 -0.183230D+01 -0.752166D+02 -0.200739D+02 -0.183258D+02
                96            97            98            99           100 
      1  -0.200739D+02 -0.817870D+03 -0.388087D+02  0.707765D+03 -0.722830D+03
      2  -0.183258D+02 -0.388087D+02  0.333591D+01  0.504162D+02 -0.870844D+02
      3   0.183273D+03  0.707765D+03  0.504162D+02  0.702848D+03 -0.334490D+03
               101           102           103           104           105 
      1  -0.870844D+02 -0.334490D+03 -0.812728D+02 -0.465655D+02 -0.346697D+03
      2   0.146505D+01 -0.911512D+02 -0.465655D+02 -0.550679D+00 -0.146744D+03
      3  -0.911512D+02  0.643160D+03 -0.346697D+03 -0.146744D+03  0.930164D+03
               106           107           108           109           110 
      1   0.637044D+03  0.803980D+02 -0.789078D+01 -0.491363D+03 -0.117717D+03
      2   0.803980D+02  0.205308D+02 -0.825862D+02 -0.117717D+03  0.204699D+00
      3  -0.789078D+01 -0.825862D+02  0.803234D+03  0.466080D+03  0.735643D+02
               111           112           113           114           115 
      1   0.466080D+03 -0.134542D+04 -0.130587D+03 -0.276525D+03 -0.101025D+04
      2   0.735643D+02 -0.130587D+03 -0.229863D+02 -0.403778D+02 -0.228733D+03
      3  -0.142096D+03 -0.276525D+03 -0.403778D+02  0.738889D+02 -0.957361D+03
               116           117           118           119           120 
      1  -0.228733D+03 -0.957361D+03 -0.238741D+03 -0.269428D+02  0.175597D+03
      2  -0.353103D+02 -0.172157D+03 -0.269428D+02 -0.138886D+01  0.618218D+01
      3  -0.172157D+03  0.382337D+03  0.175597D+03  0.618218D+01  0.145584D+03
               121           122           123           124           125 
      1   0.206835D+04  0.541238D+03  0.160052D+03  0.587973D+03  0.170416D+03
      2   0.541238D+03  0.117388D+03 -0.260819D+02  0.170416D+03  0.404833D+02
      3   0.160052D+03 -0.260819D+02  0.956286D+03 -0.667792D+03 -0.962561D+02
               126           127           128           129           130 
      1  -0.667792D+03 -0.109634D+04 -0.761688D+02 -0.478133D+03 -0.170551D+03
      2  -0.962561D+02 -0.761688D+02  0.934039D+01 -0.830590D+02 -0.170330D+03
      3  -0.370719D+02 -0.478133D+03 -0.830590D+02  0.525749D+03 -0.272309D+00
               131           132           133           134           135 
      1  -0.170330D+03 -0.272309D+00 -0.830593D+03 -0.319620D+02  0.228944D+03
      2  -0.299757D+02 -0.260754D+02 -0.319620D+02  0.134053D+02  0.559400D+02
      3  -0.260754D+02 -0.853329D+03  0.228944D+03  0.559400D+02 -0.654556D+03
               136           137           138           139           140 
      1  -0.899637D+03 -0.183934D+03  0.259438D+03 -0.116370D+04 -0.123496D+03
      2  -0.183934D+03 -0.295686D+02  0.341268D+02 -0.123496D+03 -0.197088D+02
      3   0.259438D+03  0.341268D+02 -0.870855D+03 -0.370568D+03 -0.689308D+02
               141           142           143           144           145 
      1  -0.370568D+03 -0.555175D+03  0.412589D+02 -0.725247D+02 -0.204165D+03
      2  -0.689308D+02  0.412589D+02  0.256930D+02 -0.290330D+02 -0.441824D+01
      3   0.376444D+03 -0.725247D+02 -0.290330D+02  0.557279D+03  0.104022D+04
               146           147           148           149           150 
      1  -0.441824D+01  0.104022D+04 -0.136149D+04 -0.166898D+03  0.214004D+03
      2   0.774345D+01  0.154865D+03 -0.166898D+03 -0.146948D+02 -0.440663D+01
      3   0.154865D+03  0.190541D+03  0.214004D+03 -0.440663D+01 -0.563598D+03
               151           152           153           154           155 
      1  -0.422248D+03 -0.545904D+02  0.368048D+03  0.937311D+03  0.164455D+03
      2  -0.545904D+02 -0.162491D+02  0.123384D+02  0.164455D+03  0.245372D+02
      3   0.368048D+03  0.123384D+02 -0.217349D+03  0.504234D+03  0.999874D+02
               156           157           158           159           160 
      1   0.504234D+03 -0.943747D+03 -0.147704D+03  0.172244D+03 -0.907859D+02
      2   0.999874D+02 -0.147704D+03 -0.295662D+02 -0.285566D+02 -0.128331D+03
      3   0.227985D+03  0.172244D+03 -0.285566D+02  0.684634D+03 -0.737883D+02
               161           162           163           164           165 
      1  -0.128331D+03 -0.737883D+02 -0.113255D+03  0.906414D+01 -0.407942D+03
      2  -0.366482D+02 -0.757692D+02  0.906414D+01  0.204749D+02 -0.124731D+03
      3  -0.757692D+02  0.911122D+03 -0.407942D+03 -0.124731D+03  0.806000D+03
               166           167           168           169           170 
      1  -0.167507D+03 -0.927084D+02 -0.299698D+03 -0.798366D+03 -0.123376D+03
      2  -0.927084D+02 -0.174464D+02 -0.971977D+02 -0.123376D+03 -0.244567D+02
      3  -0.299698D+03 -0.971977D+02  0.986468D+03  0.214265D+02  0.256916D+02
               171           172           173           174           175 
      1   0.214265D+02  0.140880D+04  0.165593D+03  0.167077D+03  0.301385D+03
      2   0.256916D+02  0.165593D+03  0.600458D+01  0.262429D+02  0.231077D+03
      3  -0.218841D+03  0.167077D+03  0.262429D+02 -0.858431D+02  0.349786D+03
               176           177           178           179           180 
      1   0.231077D+03  0.349786D+03  0.285399D+02 -0.114561D+02  0.464920D+02
      2   0.610943D+02  0.690155D+02 -0.114561D+02 -0.523210D+01  0.501918D+02
      3   0.690155D+02 -0.682523D+03  0.464920D+02  0.501918D+02 -0.867399D+03
               181           182           183           184           185 
      1   0.622206D+01 -0.121455D+02  0.553316D+01 -0.110623D+02 -0.196874D+01
      2  -0.121455D+02 -0.908491D+00 -0.147498D+01 -0.196874D+01 -0.112777D+02
      3   0.553316D+01 -0.147498D+01  0.134189D+01 -0.345015D+00  0.168024D+01
               186           187           188           189           190 
      1  -0.345015D+00 -0.321024D+01 -0.511585D+01 -0.462218D+01 -0.380240D+02
      2   0.168024D+01 -0.511585D+01  0.278925D+01  0.264597D+00  0.452352D+01
      3  -0.372157D+01 -0.462218D+01  0.264597D+00  0.331573D+01  0.116250D+02
               191           192           193           194           195 
      1   0.452352D+01  0.116250D+02 -0.342419D+02 -0.998107D+01  0.401391D+01
      2  -0.205537D+01 -0.378823D+00 -0.998107D+01  0.102417D+01  0.348811D+01
      3  -0.378823D+00 -0.902365D+01  0.401391D+01  0.348811D+01 -0.273276D+02
               196           197           198           199           200 
      1  -0.248137D+01 -0.347768D+01 -0.186156D+02  0.257708D+02 -0.721774D+01
      2  -0.347768D+01  0.363744D+01  0.396733D+01 -0.721774D+01 -0.894139D+01
      3  -0.186156D+02  0.396733D+01  0.130038D+02  0.305806D+01 -0.386944D+01
               201           202           203           204           205 
      1   0.305806D+01 -0.540891D+02 -0.127462D+02  0.515274D+01 -0.899558D+02
      2  -0.386944D+01 -0.127462D+02 -0.924468D+01  0.121274D+01 -0.123516D+02
      3   0.595529D+01  0.515274D+01  0.121274D+01 -0.148648D+02  0.577117D+01
               206           207           208           209           210 
      1  -0.123516D+02  0.577117D+01 -0.773219D+02 -0.590752D+01 -0.644171D+01
      2  -0.113032D+02  0.565659D+01 -0.590752D+01  0.371055D+01  0.569719D+01
      3   0.565659D+01 -0.362343D+02 -0.644171D+01  0.569719D+01 -0.112512D+02
               211           212           213           214           215 
      1  -0.202273D+03 -0.235253D+02 -0.599742D+02  0.211614D+03  0.308146D+02
      2  -0.235253D+02  0.142848D+01  0.158199D+01  0.308146D+02  0.578156D+01
      3  -0.599742D+02  0.158199D+01 -0.120399D+03  0.907514D+02  0.521611D+01
               216           217           218           219           220 
      1   0.907514D+02  0.157644D+02 -0.962832D+01 -0.789685D+01 -0.195436D+02
      2   0.521611D+01 -0.962832D+01 -0.320221D+01 -0.971610D+00  0.362564D+01
      3   0.170976D+03 -0.789685D+01 -0.971610D+00 -0.741475D+01  0.349360D+01
               221           222           223           224           225 
      1   0.362564D+01  0.349360D+01 -0.252157D+01  0.249061D+01 -0.364558D+01
      2  -0.170589D+02 -0.106524D+02  0.249061D+01 -0.408214D+01 -0.602897D+01
      3  -0.106524D+02 -0.193758D+02 -0.364558D+01 -0.602897D+01 -0.206280D+01
               226           227           228           229           230 
      1   0.125310D+03  0.343132D+00  0.831551D+01  0.625981D+02  0.237156D+02
      2   0.343132D+00  0.647644D+01  0.469414D+00  0.237156D+02  0.854919D+01
      3   0.831551D+01  0.469414D+00  0.304819D+02 -0.106134D+02 -0.176851D+01
               231           232           233           234           235 
      1  -0.106134D+02 -0.151136D+02 -0.288883D+01  0.311082D+02  0.509094D+02
      2  -0.176851D+01 -0.288883D+01  0.316408D+00 -0.191133D+00  0.110491D+01
      3   0.416923D+02  0.311082D+02 -0.191133D+00 -0.632769D+00  0.296497D+02
               236           237           238           239           240 
      1   0.110491D+01  0.296497D+02 -0.942035D+02 -0.987871D+01 -0.102372D+01
      2   0.456746D+00  0.100544D+00 -0.987871D+01 -0.990556D+01 -0.100538D+01
      3   0.100544D+00  0.162219D+02 -0.102372D+01 -0.100538D+01  0.145683D+02
               241           242           243           244           245 
      1  -0.257950D+02 -0.169328D+01  0.654293D+01 -0.171721D+02 -0.784105D+01
      2  -0.169328D+01 -0.119760D+01 -0.372041D+01 -0.784105D+01  0.590122D+01
      3   0.654293D+01 -0.372041D+01 -0.295722D+02  0.171107D+02 -0.410164D+00
               246           247           248           249           250 
      1   0.171107D+02 -0.277528D+03 -0.326304D+02 -0.115122D+02 -0.271733D+03
      2  -0.410164D+00 -0.326304D+02 -0.146230D+02  0.230600D+02 -0.394942D+02
      3   0.116086D+02 -0.115122D+02  0.230600D+02 -0.138715D+03 -0.106121D+02
               251           252           253           254           255 
      1  -0.394942D+02 -0.106121D+02  0.313539D+02  0.873520D+01 -0.452986D+02
      2   0.518252D+01  0.414686D+00  0.873520D+01  0.111992D+02 -0.737816D+01
